10031
10238
10242
10277
10344
10363
10392
10505
10705
10815
10834
10869
10875
10887
10996
11052
11099
11201
11297
11456
11465
11764
11786
11971
12025
12420
12464
12528
12726
13027
13157
13285
13429
13588
13728
13733
13760
13879
14057
14163
14237
14288
14434
14452
14572
14615
14625
14671
14682
14730
14890
15015
15046
15171
15185
15255
15307
15434
15760
15814
15918
15963
16012
16170
16233
16331
16427
16429
16440
16566
16632
16708
16747
16823
16983
17044
17074
17308
17329
17370
17409
17479
17578
17821
17832
18016
18052
18103
18113
18129
18166
18176
18197
18216
18224
18339
18381
18442
18619
18639
18652
18698
18797
18803
18890
18980
19013
19065
19106
19137
19158
19397
19543
19704
19749
19808
19956
19996
20073
20154
20160
20162
20317
20346
20411
20458
20517
20594
20727
20834
20851
21093
21173
21175
21183
21373
21713
21827
21853
21920
21939
21948
22075
22114
22130
22150
22179
22201
22364
22417
22425
22462
22499
22523
22568
22611
22863
22894
23105
23123
23745
23784
23792
23797
23813
23951
24020
24144
24194
24320
24390
24411
24511
24516
24581
24780
24795
25018
25093
25158
25193
25204
25385
25386
25528
25669
25806
25897
26002
26081
26264
26294
26336
26559
26678
26776
26941
27106
27159
27237
27254
27278
27313
27419
27432
27458
27551
27581
27816
27860
27861
27975
28001
28056
28130
28271
28395
28431
28509
28645
28737
28775
28796
28900
29106
29122
29208
29216
29258
29405
29472
29539
29580
29590
29781
29829
29890
30160
30330
30463
30706
30802
30877
30881
30928
30968
30989
30993
31017
31172
31258
31291
31384
31427
31428
31692
31800
31801
31950
31956
32017
32219
32245
32272
32314
32323
32411
32536
32606
32676
32770
32775
32839
33094
33287
33424
33426
33471
33559
33670
33687
34245
34338
34433
34456
34547
34871
34990
35513
35640
35658
35661
35813
35814
35921
35949
36002
36007
36114
36125
36204
36223
36232
36267
36275
36489
36567
36571
36587
36612
36646
36675
36736
36889
36907
36937
36951
36998
37092
37097
37160
37301
37438
37510
37622
37936
38068
38149
38185
38402
38511
38756
38834
38878
39137
39202
39241
39257
39267
39293
39310
39320
39381
39433
39647
39756
39815
39850
39886
39890
39892
39901
39912
39953
39964
40142
40158
40376
40518
40577
40655
40696
40711
40767
40872
40961
41096
41146
41191
41231
41284
41290
41410
41554
41569
41680
41779
41809
41888
41926
42193
42240
42278
42339
42622
42681
42702
42781
42782
42794
43176
43183
43217
43323
43467
43760
43869
43972
43973
43991
44100
44300
44397
44590
44593
44809
44849
45097
45348
45424
45493
45672
45685
45699
45736
45790
45822
45897
45998
46028
46148
46176
46236
46382
46454
46568
46647
46727
46734
46814
46822
46903
46987
47074
47215
47286
47365
47380
47520
47642
47746
48209
48375
48481
48555
48564
48579
48723
48773
48905
48925
48981
49018
49035
49060
49114
49217
49380
49570
49609
49624
49675
49736
50039
50087
50184
50329
50399
50509
50548
50553
50620
50625
50816
51192
51240
51431
51440
51468
51604
51627
51652
51662
51693
51694
51892
51911
52067
52087
52184
52302
52356
52387
52462
52703
52748
52752
52780
52865
52971
53098
53280
53326
53331
53393
54026
54047
54054
54092
54222
54224
54255
54527
54579
54658
54690
54727
54850
54944
54946
54999
55026
55237
55307
55644
55767
55768
55973
56018
56087
56299
56351
56516
56574
56739
56817
56819
56882
56899
57181
57290
57887
58189
58395
58569
58709
58920
58946
59162
59165
59178
59294
59344
59380
59384
59402
59784
59842
59894
60032
60156
60314
60434
60548
60903
60917
60930
60953
61046
61080
61094
61190
61256
61330
61344
61413
61525
61634
61734
61957
61979
62052
62068
62198
62248
62250
62256
62392
62427
62433
62453
62589
62607
62690
62705
63119
63138
63234
63258
63281
63301
63337
63402
63500
63642
63721
63915
63938
63969
64003
64189
64206
64265
64342
64445
64484
64545
64599
64646
64650
64662
64774
64887
65053
65070
65381
65394
65462
65504
65691
65731
65790
65976
66007
66079
66177
66186
66278
66572
66784
66788
66861
67074
67094
67129
67253
67382
67541
67572
68103
68116
68130
68234
68302
68314
68342
68345
68437
68538
68541
68547
68616
68737
68767
69091
69139
69238
69335
69710
69714
69761
69769
69772
69816
69846
70012
70069
70287
70340
70388
70424
70609
70657
70846
70905
71075
71086
71158
71203
71227
71340
71388
71411
71465
71616
71622
71638
71898
71933
72024
72027
72169
72282
72285
72525
72531
72742
72799
72821
73049
73085
73311
73445
73523
73634
73717
73943
73972
74192
74316
74371
74379
74477
74592
74774
74790
74842
74931
74982
75031
75279
75320
75423
75577
75715
75844
75858
75931
75944
76105
76119
76266
76286
76327
76422
76499
76528
76591
76734
76944
77064
77232
77300
77374
77446
77550
77615
77726
77727
78208
78293
78304
78335
78554
78631
78679
78726
78728
78821
79066
79221
79229
79434
79443
79474
79522
79670
79717
79903
79922
80007
80197
80392
80487
80548
80699
80912
80935
80990
81005
81066
81328
81599
81607
81714
81763
81823
81848
82002
82122
82252
82320
82411
82512
82546
82667
82819
82889
82974
83121
83143
83257
83414
83422
83429
83468
83606
83718
83720
83780
83795
83807
83871
83928
84071
84089
84224
84273
84341
84749
84965
84982
85029
85314
85348
85351
85410
85547
85582
85592
85669
85677
85734
85983
86033
86138
86174
86179
86233
86286
86346
86385
86480
86510
86583
86616
86715
86750
86827
86911
86928
86974
87043
87086
87114
87211
87281
87290
87787
87844
88035
88066
88128
88270
88656
88694
88849
88888
88977
88985
88990
89012
89148
89469
89572
89746
89837
89900
90084
90210
90246
90359
90402
90511
90670
90831
91003
91030
91043
91094
91211
91250
91305
91522
91564
91581
91716
91804
91842
91855
91891
91989
91993
92026
92030
92080
92093
92213
92219
92327
92334
92342
92511
92588
93030
93185
93293
93384
93403
93416
93597
93602
93712
93857
94075
94262
94438
94686
94778
94812
94820
94844
95099
95290
95422
95478
95585
95602
95659
95676
95772
95791
95945
95998
96002
96077
96305
96359
96368
96530
96608
96645
96772
96949
96953
97037
97113
97188
97195
97216
97244
97347
97523
97526
97584
97604
97731
97770
97900
97919
97975
98256
98329
98374
98428
98578
98814
98905
98916
99081
99216
99221
99272
99320
99366
99371
99510
99562
99603
99854
