10088
10650
10753
10762
10907
11191
11283
11658
11768
11774
11847
12039
12106
12157
12309
12311
12408
12462
13285
13285
13285
13285
13285
13285
13285
13285
13285
13285
13285
13285
13285
13285
13566
13629
13890
13908
14224
14275
14344
14347
14360
14490
14519
14536
14562
14674
14809
14885
14922
15032
15040
15046
15046
15046
15046
15046
15046
15046
15046
15286
15380
15408
15465
15594
15619
16063
16258
16521
16540
16550
17031
17203
17362
17420
17632
17706
17710
17961
18087
18615
18642
18662
18679
18725
18852
19138
19338
19407
19553
19953
19990
20051
20197
20317
20317
20317
20317
20346
20346
20346
20346
20346
20346
20346
20346
20346
20346
20417
20590
20620
20724
20755
20849
20899
21728
21897
22035
22036
22130
22130
22130
22130
22130
22130
22130
22364
22364
22364
22364
22364
22364
22364
22364
22364
22364
22364
22364
22364
22364
22364
22364
22364
22415
22539
23073
23279
23535
23584
23792
23792
23792
23792
23792
23792
23792
23792
23792
23792
23792
23792
23792
23792
23792
23792
23792
23798
24194
24194
24194
24194
24194
24194
24194
24194
24194
24249
24461
24683
25546
25734
25816
25937
26019
26173
26384
26639
26696
26775
27040
27060
27319
27652
27816
27816
27816
27816
27816
27816
28114
28298
28469
28775
28775
28775
28775
28775
28807
28900
28900
28900
28900
28900
28900
28900
28900
28900
28900
29113
29405
29405
29405
29405
29405
29405
29405
29405
29405
29405
29405
29405
29405
29405
29405
29405
29620
29873
29914
29927
30582
30981
31190
31225
31258
31258
31258
31258
31258
31258
31258
31258
31258
31258
31258
31337
31502
31563
31817
31893
32023
32069
32416
32918
32945
33304
33499
33526
33563
33673
33815
33987
34010
34186
34241
34432
34871
34871
34871
34871
34871
34871
34871
34871
34871
34871
34871
34871
34871
34871
34871
34871
34871
34871
34871
34900
34931
35167
35517
35661
35661
35661
35661
35661
35661
35661
35661
35661
35731
35777
35813
35813
35813
35813
35813
35813
35813
35813
35813
35813
35813
35813
35842
35912
36170
36441
36480
36747
36761
36788
36827
37035
37130
37309
37373
37457
37563
37920
38018
38111
38161
38254
38571
38796
38797
39426
39552
39901
39901
39901
39901
39901
39901
39901
39901
39901
39901
39901
39901
39901
39901
39901
39901
39901
39901
39901
39901
40171
40276
40326
40376
40376
40376
40376
40376
40376
40376
40376
40376
40376
40376
40376
40376
40376
40376
40376
40376
40376
40828
42204
42228
42282
42296
42574
42679
42783
42965
43062
43204
43494
44005
44179
44476
44477
44729
44940
44957
45112
45234
45644
45833
45848
46070
46714
46762
46887
47034
47774
47864
47938
48041
48238
48400
48739
48880
49034
49058
49067
49216
49560
49719
49833
50087
50087
50087
50087
50287
50325
50397
50430
50461
50558
50566
50707
50715
50766
50795
51029
51199
51215
51468
51468
51468
51468
51468
51468
51468
51468
51468
51468
51468
51468
51468
51468
51468
51468
51468
51468
51646
51681
51888
51961
52014
52039
52047
52066
52136
52158
52328
52433
52650
52910
52912
53105
53315
53446
53500
53542
53665
54255
54255
54255
54261
54358
54434
54471
54509
54595
54967
55244
55268
55981
56348
56489
56531
56766
56921
56969
57408
57599
57790
57963
58055
58523
58766
59267
59570
59651
59780
60075
60348
60352
60388
60624
60670
61039
61046
61094
61094
61094
61094
61094
61094
61094
61094
61256
61256
61256
61256
61256
61256
61256
61256
61256
61256
61256
61502
61545
61589
61608
61734
61734
61734
61734
61734
61734
61734
61734
61734
61734
61734
61734
61754
61881
62023
62052
62052
62052
62052
62052
62052
62052
62052
62052
62052
62289
62557
62690
62690
62690
62690
62690
62690
62690
62690
62690
62690
62690
62690
62690
62690
62690
62690
62690
62690
62690
62705
62705
62705
62937
62973
63073
63197
63513
63629
63772
63827
64043
64048
64243
64268
64417
65122
65262
65684
65706
65810
65920
66079
66079
66079
66079
66079
66300
66399
66509
66515
66572
66572
66572
66572
66572
66572
66572
66572
66572
66572
66572
66572
66572
66572
66572
66589
66760
66788
66788
66788
66788
66788
66788
66788
66788
66788
66788
66788
66788
66788
66788
66788
66806
66808
66987
67035
67342
67550
67650
67702
68226
68257
68340
68460
68541
68541
68541
68541
68541
68541
68541
68541
68541
68541
68541
68541
68541
68541
68753
68929
69113
69126
69139
69139
69139
69139
69139
69139
69139
69139
69139
69139
69139
69139
69139
69427
69445
69988
70360
70483
70703
70853
71232
71364
71440
71642
71996
72103
72180
72243
72363
72575
72651
72739
73014
73193
73572
73577
73718
74191
74433
74526
74556
74710
74773
74886
75402
75413
75460
75485
75540
75565
75650
75661
75998
76359
76376
76828
76902
77046
77421
77446
77446
77446
77446
77446
77446
77446
77446
77446
77446
77446
77446
77446
77446
77446
77446
77781
77789
77824
77936
78049
78372
78631
78631
78631
78631
78631
78631
78631
78631
78631
78631
78631
78631
78631
78631
78631
78631
78631
78735
78806
78921
79017
79097
79559
79767
80026
80418
80456
80485
80500
80508
81177
81284
81325
81347
81744
81852
82122
82122
82122
82122
82122
82122
82122
82149
82450
82512
82512
82512
82512
82512
82512
82512
82624
82925
83039
83044
83194
83248
83292
83646
83795
83795
83795
83795
83795
83795
83795
83795
83795
83807
83807
83807
83807
83850
83864
84256
84428
84566
84707
85194
85223
85340
85634
85880
86144
86335
86336
86690
86694
86785
86974
86974
86974
86974
86974
86974
86974
86974
86974
86974
86974
86974
86974
87261
87639
88128
88563
88614
88770
88835
88913
89306
89573
89585
89657
89731
89853
89904
89936
90085
90403
90961
91468
91550
91553
91715
91804
91804
91863
92430
92736
93187
93753
93778
93929
94015
94180
94653
94957
95066
95137
95325
95653
95791
95791
95791
95791
95791
96010
96194
96415
96871
96945
97046
97123
97129
97240
97340
97407
97494
97814
97829
97881
97925
97997
98121
98156
98157
98362
98370
98374
98374
98374
98374
98374
98374
98374
98374
98374
98374
98374
98374
98374
98374
98374
98374
98374
98374
98374
98405
98758
98762
98916
98916
98916
98916
98916
98916
98916
98916
98916
98916
98916
98916
98916
98916
98916
98916
98916
98916
98916
98916
98933
98987
99153
99430
99479
99480
99603
99603
99603
99603
99603
99603
99603
99603
99603
99603
99603
99603
99603
99815
